% More 3body sols:
%double star in circle.
sol1 =    [1.238471621365093
   1.934803142472338
   1.839204275228892
   1.427449571104623
   1.574026537028186
   1.136444832773426
   0.489120783097910
   0.214556869598259
  -0.703677652696167
  -1.476847441541444
   0.557848915367804
   0.918998526173639
   2.946932723385533];

% Multi-cross circle.
sol2 = [   2.407963289028059
   2.876411861180203
   2.793389892105821
   1.079692584985825
   1.221173886475739
   0.776742821254383
  -0.289730826031538
   0.777025212836360
  -0.487294386804826
  -1.533620238505674
   0.650086250653747
   0.883533987851929
   1.794409739941682];

% inline sat
sol3 = [
   1.890092013127746
   2.113161715361239
   1.952828813548752
   1.734983807760016
   2.182166550681406
   1.169701341228304
  -0.284902673086696
  -0.118514742073497
   0.403417415160031
  -1.271900221197378
   0.614483000223176
   0.657417220974173
   2.383232501963182];

% cool bug thing
sol4 = [
   1.305103666034405
   1.509364542855263
   1.882823106631231
   1.558483289600715
   2.312569800485981
   1.724354287033363
  -0.369531200455861
  -0.114874077507620
   0.484405277963463
  -0.985662619794504
  -0.206659284656514
   1.192321904451013
   2.420469531315302];

% cool twins
sol5 = [
  -0.681467806714423
   0.525110026288916
   0.810781536333241
   1.923255445248500
   2.272449336395963
   1.432322224634261
  -0.483129437476600
   0.562328430879785
  -0.079198993403169
  -0.550320378234969
   0.457408420029595
   0.092911958205370
   3.370472065181526];

sol6 = [   0.257714898138692
   1.338603552224007
   1.011301575627337
   1.753499002067632
   2.062579295472098
   1.463226577325562
  -0.581170299118736
  -0.078686388546260
   0.659856687665071
  -1.058232557988972
   0.434681231846102
   0.623551326141939
   3.226874173056082];

sol7 = [   2.686570831465318
   2.963819666827766
   2.964927094554150
   0.930314597737466
   1.267792396622790
   0.697195639201701
  -0.176437814400799
  -0.172121501927209
   0.348559316328070
  -1.368283002079197
   0.486599404839714
   0.881683597239485
   1.030063419577040];

sol8 =    [0.145061996055342
   0.850090856912450
   1.166797377587942
   1.621660767020568
   1.554329181651123
   1.068273294994073
  -0.492549348765343
  -0.011933265444915
   0.504482614436936
  -1.173449372788766
   0.648246831377492
   0.525202541572642
   3.126074444074139];

%maybe duplicate
sol9 = [
   1.762809326695414
   2.095086423132277
   2.132131799010165
   2.651921254093736
   2.889769308149636
   2.623018694120119
  -0.128084382213051
   0.748645238306935
  -0.620560856093876
  -1.902641547949770
   1.009127588037596
   0.893513959912171
   0.878506628775726];

sol10 = [   1.819189056520955
   2.191056069249459
   2.148286966925147
   1.961822236284719
   2.322769174225897
   1.549490703532472
  -0.096424642114936
  -0.036369952653193
   0.132794594768126
  -1.503927019869951
   0.769230966552543
   0.734696053317409
   2.343608443554133];

sol11 = [   1.616829659560303
   2.230616717548902
   1.768155788584716
   0.692130500506887
   0.978549844882576
   0.250428664039962
  -0.311830460203783
  -0.151832088866687
   0.463662549070489
  -1.403931050896962
   0.634439639107422
   0.769491411789519
   3.080432685887425];

sol12 = [   1.800540690222907
   2.110943057183963
   1.941099135980881
   1.997338637322647
   2.342865470649055
   1.373241422644721
  -0.316679113695194
   0.076354604197237
   0.240324509497963
  -1.367537319572705
   0.931108818521219
   0.436428501051503
   2.617873664499389];

sol13 = [   1.105103555284996
   1.672166960497609
   1.467608180357707
   1.039964940460641
   1.225001799729737
   0.702711987064328
  -0.209305484933673
   0.084187903249144
   0.125117581684512
  -1.321749500743818
   0.423099810919655
   0.898649689824217
   3.517410965522297];

% Bug duplicate?
sol14 = [   1.483341030942327
   1.869695066737272
   1.758708805474065
   1.480084368788289
   1.984814630482435
   0.997663915802662
  -0.307314616768145
  -0.061931715966032
   0.369246332734181
  -1.390778243214924
   0.707094939064143
   0.683683304150783
   2.625679789658065];





